intrinsic:
560.8543274290366 0.0 304.04360126124607
0.0 585.6670229848093 347.1176095751284
0.0 0.0 1.0
distortion:
0.7225559394808261 -1.6381500930995199 0.10264327644574804 0.007322553573775565 2.013592638651601
