intrinsic:
455.5742034480759 0.0 356.3496868877827
0.0 462.58716490514985 268.9234652099562
0.0 0.0 1.0
distortion:
0.26625926146758877 -1.12866311219435 0.037142628303221854 0.02604400836963388 1.740434167256964
